2.000000000000000000e+00 2.113665537189403777e-06
3.191919191919192045e+00 3.374310811735548133e-06
4.383838383838384090e+00 4.636312236868858340e-06
5.575757575757575246e+00 5.900173996651909559e-06
6.767676767676767291e+00 7.166399143260146341e-06
7.959595959595959336e+00 8.435489724496726753e-06
9.151515151515150492e+00 9.707946984441128847e-06
1.034343434343434254e+01 1.098427161904565728e-05
1.153535353535353458e+01 1.226496407436835621e-05
1.272727272727272663e+01 1.355052487868308119e-05
1.391919191919191867e+01 1.484145500203904075e-05
1.511111111111111072e+01 1.613825623846271292e-05
1.630303030303030098e+01 1.744143160716912747e-05
1.749494949494949481e+01 1.875148577002850838e-05
1.868686868686868507e+01 2.006892546320859539e-05
1.987878787878787890e+01 2.139425994144128864e-05
2.107070707070706916e+01 2.272800143378373876e-05
2.226262626262625943e+01 2.407066561008449341e-05
2.345454545454545325e+01 2.542277205764514232e-05
2.464646464646464352e+01 2.678484476779987105e-05
2.583838383838383734e+01 2.815741263233057499e-05
2.703030303030302761e+01 2.954100994980105445e-05
2.822222222222222143e+01 3.093617694203684503e-05
2.941414141414141170e+01 3.234346028110168358e-05
3.060606060606060197e+01 3.376341362723195462e-05
3.179797979797979579e+01 3.519659817828903328e-05
3.298989898989898961e+01 3.664358323137872111e-05
3.418181818181817988e+01 3.810494675737069562e-05
3.537373737373737015e+01 3.958127598912724215e-05
3.656565656565656042e+01 4.107316802432532004e-05
3.775757575757575779e+01 4.258123044382641304e-05
3.894949494949494806e+01 4.410608194661895217e-05
4.014141414141413833e+01 4.564835300242667450e-05
4.133333333333332860e+01 4.720868652314611099e-05
4.252525252525251886e+01 4.878773855434623269e-05
4.371717171717171624e+01 5.038617898813590567e-05
4.490909090909090651e+01 5.200469229877857164e-05
4.610101010101009678e+01 5.364397830251099665e-05
4.729292929292928704e+01 5.530475294310367636e-05
4.848484848484848442e+01 5.698774910478489813e-05
4.967676767676767469e+01 5.869371745423982567e-05
5.086868686868686495e+01 6.042342731349061605e-05
5.206060606060605522e+01 6.217766756556254606e-05
5.325252525252524549e+01 6.395724759494927436e-05
5.444444444444444287e+01 6.576299826500085245e-05
5.563636363636363313e+01 6.759577293448177824e-05
5.682828282828282340e+01 6.945644851567198380e-05
5.802020202020201367e+01 7.134592657652362620e-05
5.921212121212120394e+01 7.326513448953211134e-05
6.040404040404040131e+01 7.521502663013810797e-05
6.159595959595959158e+01 7.719658562764475059e-05
6.278787878787878185e+01 7.921082367181675552e-05
6.397979797979797212e+01 8.125878387851976617e-05
6.517171717171717660e+01 8.334154171796819964e-05
6.636363636363635976e+01 8.546020650937098965e-05
6.755555555555555713e+01 8.761592298600668239e-05
6.874747474747474030e+01 8.980987293501464460e-05
6.993939393939393767e+01 9.204327691646771534e-05
7.113131313131312083e+01 9.431739606658871757e-05
7.232323232323231821e+01 9.663353399029422420e-05
7.351515151515151558e+01 9.899303874859319351e-05
7.470707070707069875e+01 1.013973049467424369e-04
7.589898989898989612e+01 1.038477759294576186e-04
7.709090909090907928e+01 1.063459460899144043e-04
7.828282828282827666e+01 1.088933632997391988e-04
7.947474747474747403e+01 1.114916314676909424e-04
8.066666666666665719e+01 1.141424132352823431e-04
8.185858585858585457e+01 1.168474328181728369e-04
8.305050505050503773e+01 1.196084790028042154e-04
8.424242424242423510e+01 1.224274083084355769e-04
8.543434343434343248e+01 1.253061483254792007e-04
8.662626262626261564e+01 1.282467012418461846e-04
8.781818181818181301e+01 1.312511475698845695e-04
8.901010101010099618e+01 1.343216500874405749e-04
9.020202020202019355e+01 1.374604580076054493e-04
9.139393939393939092e+01 1.406699113928271518e-04
9.258585858585857409e+01 1.439524458302824479e-04
9.377777777777777146e+01 1.473105973867288947e-04
9.496969696969696884e+01 1.507470078624951993e-04
9.616161616161615200e+01 1.542644303658379228e-04
9.735353535353534937e+01 1.578657352306027796e-04
9.854545454545453254e+01 1.615539163019949357e-04
9.973737373737372991e+01 1.653320976173022576e-04
1.009292929292929273e+02 1.692035405106400564e-04
1.021212121212121104e+02 1.731716511732249463e-04
1.033131313131313078e+02 1.772399887033509764e-04
1.045050505050504910e+02 1.814122736831618170e-04
1.056969696969696884e+02 1.856923973225205302e-04
1.068888888888888857e+02 1.900844312137900491e-04
1.080808080808080689e+02 1.945926377452065483e-04
1.092727272727272663e+02 1.992214812247707209e-04
1.104646464646464494e+02 2.039756397712602859e-04
1.116565656565656468e+02 2.088600180341192310e-04
1.128484848484848442e+02 2.138797608096546594e-04
1.140404040404040273e+02 2.190402676272511337e-04
1.152323232323232247e+02 2.243472083862331674e-04
1.164242424242424079e+02 2.298065401316758648e-04
1.176161616161616053e+02 2.354245250659571856e-04
1.188080808080808026e+02 2.412077499022430684e-04
1.200000000000000000e+02 2.471631466765576777e-04
