2.000000000000000000e+00 1.813773093653708537e-05
2.592964824120603140e+00 2.351603756476759749e-05
3.185929648241206280e+00 2.889495501717742894e-05
3.778894472361808976e+00 3.427462310150216208e-05
4.371859296482412560e+00 3.965518170132865792e-05
4.964824120603015700e+00 4.503677079025159230e-05
5.557788944723617952e+00 5.041953044605004645e-05
6.150753768844221092e+00 5.580360086488734010e-05
6.743718592964824232e+00 6.118912237553707180e-05
7.336683417085427372e+00 6.657623545363883927e-05
7.929648241206030512e+00 7.196508073598664170e-05
8.522613065326634540e+00 7.735579903485316911e-05
9.115577889447235904e+00 8.274853135235329916e-05
9.708542713567839044e+00 8.814341889485004049e-05
1.030150753768844218e+01 9.354060308740597194e-05
1.089447236180904532e+01 9.894022558828372829e-05
1.148743718592964846e+01 1.043424283034985277e-04
1.208040201005025160e+01 1.097473534014265357e-04
1.267336683417085474e+01 1.151551433274716540e-04
1.326633165829145788e+01 1.205659408187948134e-04
1.385929648241206102e+01 1.259798889191086988e-04
1.445226130653266416e+01 1.313971309935415101e-04
1.504522613065326730e+01 1.368178107435731757e-04
1.563819095477387044e+01 1.422420722220473779e-04
1.623115577889447181e+01 1.476700598482627667e-04
1.682412060301507495e+01 1.531019184231476428e-04
1.741708542713567809e+01 1.585377931445203746e-04
1.801005025125628123e+01 1.639778296224403723e-04
1.860301507537688437e+01 1.694221738946523315e-04
1.919597989949748751e+01 1.748709724421282981e-04
1.978894472361809065e+01 1.803243722047102936e-04
2.038190954773869379e+01 1.857825205968578362e-04
2.097487437185929693e+01 1.912455655235042356e-04
2.156783919597990007e+01 1.967136553960249930e-04
2.216080402010050321e+01 2.021869391483227811e-04
2.275376884422110635e+01 2.076655662530321733e-04
2.334673366834170949e+01 2.131496867378490840e-04
2.393969849246231263e+01 2.186394512019877918e-04
2.453266331658291577e+01 2.241350108327708050e-04
2.512562814070351891e+01 2.296365174223546316e-04
2.571859296482412205e+01 2.351441233845963873e-04
2.631155778894472519e+01 2.406579817720651986e-04
2.690452261306532833e+01 2.461782462932025754e-04
2.749748743718593147e+01 2.517050713296365501e-04
2.809045226130653461e+01 2.572386119536532439e-04
2.868341708542713775e+01 2.627790239458313603e-04
2.927638190954774089e+01 2.683264638128433216e-04
2.986934673366834403e+01 2.738810888054283047e-04
3.046231155778894362e+01 2.794430569365408102e-04
3.105527638190954676e+01 2.850125269996817015e-04
3.164824120603014990e+01 2.905896585874135057e-04
3.224120603015074948e+01 2.961746121100679416e-04
3.283417085427135618e+01 3.017675488146489855e-04
3.342713567839196287e+01 3.073686308039359706e-04
3.402010050251256246e+01 3.129780210557943669e-04
3.461306532663316915e+01 3.185958834426973825e-04
3.520603015075376874e+01 3.242223827514633771e-04
3.579899497487437543e+01 3.298576847032175957e-04
3.639195979899497502e+01 3.355019559735796875e-04
3.698492462311558171e+01 3.411553642130863350e-04
3.757788944723618130e+01 3.468180780678514308e-04
3.817085427135678799e+01 3.524902672004739403e-04
3.876381909547738758e+01 3.581721023111932890e-04
3.935678391959799427e+01 3.638637551593058785e-04
3.994974874371859386e+01 3.695653985848408899e-04
4.054271356783919344e+01 3.752772065305100117e-04
4.113567839195980014e+01 3.809993540639296803e-04
4.172864321608039972e+01 3.867320174001276541e-04
4.232160804020100642e+01 3.924753739243395023e-04
4.291457286432160600e+01 3.982296022150996176e-04
4.350753768844221270e+01 4.039948820676374317e-04
4.410050251256281229e+01 4.097713945175814358e-04
4.469346733668341898e+01 4.155593218649835286e-04
4.528643216080401857e+01 4.213588476986655893e-04
4.587939698492462526e+01 4.271701569209003643e-04
4.647236180904522485e+01 4.329934357724316007e-04
4.706532663316583154e+01 4.388288718578422089e-04
4.765829145728643113e+01 4.446766541712785306e-04
4.825125628140703782e+01 4.505369731225389546e-04
4.884422110552763741e+01 4.564100205635349540e-04
4.943718592964824410e+01 4.622959898151326802e-04
5.003015075376884369e+01 4.681950756943851935e-04
5.062311557788945038e+01 4.741074745421635186e-04
5.121608040201004997e+01 4.800333842511934619e-04
5.180904522613065666e+01 4.859730042945129913e-04
5.240201005025125625e+01 4.919265357543529428e-04
5.299497487437186294e+01 4.978941813514562321e-04
5.358793969849246253e+01 5.038761454748419150e-04
5.418090452261306922e+01 5.098726342120273773e-04
5.477386934673366881e+01 5.158838553797148339e-04
5.536683417085427550e+01 5.219100185549584549e-04
5.595979899497487509e+01 5.279513351068162389e-04
5.655276381909548178e+01 5.340080182285044134e-04
5.714572864321608137e+01 5.400802829700607601e-04
5.773869346733668806e+01 5.461683462715311759e-04
5.833165829145728765e+01 5.522724269966894448e-04
5.892462311557788723e+01 5.583927459673051824e-04
5.951758793969849393e+01 5.645295259979697102e-04
6.011055276381909351e+01 5.706829919314923300e-04
6.070351758793970021e+01 5.768533706748844511e-04
6.129648241206029979e+01 5.830408912359386206e-04
6.188944723618090649e+01 5.892457847604219701e-04
6.248241206030150607e+01 5.954682845698930794e-04
6.307537688442211277e+01 6.017086262001609042e-04
6.366834170854271235e+01 6.079670474403972612e-04
6.426130653266332615e+01 6.142437883729208676e-04
6.485427135678392574e+01 6.205390914136639947e-04
6.544723618090452533e+01 6.268532013533426603e-04
6.604020100502512491e+01 6.331863653993445628e-04
6.663316582914572450e+01 6.395388332183474418e-04
6.722613065326633830e+01 6.459108569796928037e-04
6.781909547738693789e+01 6.523026913995246586e-04
6.841206030150753747e+01 6.587145937857162570e-04
6.900502512562813706e+01 6.651468240836010863e-04
6.959798994974875086e+01 6.715996449225273201e-04
7.019095477386935045e+01 6.780733216632534987e-04
7.078391959798995003e+01 6.845681224462098376e-04
7.137688442211054962e+01 6.910843182406377393e-04
7.196984924623116342e+01 6.976221828946373247e-04
7.256281407035176301e+01 7.041819931861362106e-04
7.315577889447236259e+01 7.107640288748067478e-04
7.374874371859296218e+01 7.173685727549519936e-04
7.434170854271357598e+01 7.239959107093840544e-04
7.493467336683417557e+01 7.306463317643168082e-04
7.552763819095477515e+01 7.373201281453004366e-04
7.612060301507537474e+01 7.440175953342207521e-04
7.671356783919598854e+01 7.507390321273882568e-04
7.730653266331658813e+01 7.574847406947424113e-04
7.789949748743718771e+01 7.642550266402047248e-04
7.849246231155778730e+01 7.710501990631973617e-04
7.908542713567838689e+01 7.778705706213652135e-04
7.967839195979900069e+01 7.847164575945266961e-04
8.027135678391960028e+01 7.915881799498814637e-04
8.086432160804019986e+01 7.984860614085109243e-04
8.145728643216079945e+01 8.054104295131985555e-04
8.205025125628141325e+01 8.123616156976043879e-04
8.264321608040201284e+01 8.193399553568267261e-04
8.323618090452261242e+01 8.263457879193882938e-04
8.382914572864321201e+01 8.333794569206766194e-04
8.442211055276382581e+01 8.404413100778782356e-04
8.501507537688442540e+01 8.475316993664459408e-04
8.560804020100502498e+01 8.546509810981342504e-04
8.620100502512562457e+01 8.617995160006422864e-04
8.679396984924623837e+01 8.689776692989087739e-04
8.738693467336683796e+01 8.761858107980954663e-04
8.797989949748743754e+01 8.834243149683080037e-04
8.857286432160803713e+01 8.906935610310904184e-04
8.916582914572865093e+01 8.979939330477497731e-04
8.975879396984925052e+01 9.053258200095451935e-04
9.035175879396985010e+01 9.126896159298003835e-04
9.094472361809044969e+01 9.200857199379826670e-04
9.153768844221106349e+01 9.275145363758016811e-04
9.213065326633166308e+01 9.349764748953793289e-04
9.272361809045226266e+01 9.424719505595486723e-04
9.331658291457286225e+01 9.500013839443319620e-04
9.390954773869347605e+01 9.575652012436587385e-04
9.450251256281407564e+01 9.651638343763825493e-04
9.509547738693467522e+01 9.727977210956577575e-04
9.568844221105527481e+01 9.804673051007361823e-04
9.628140703517588861e+01 9.881730361512538249e-04
9.687437185929648820e+01 9.959153701840659043e-04
9.746733668341708778e+01 1.003694769432709240e-03
9.806030150753768737e+01 1.011511702549554217e-03
9.865326633165828696e+01 1.019366644730722001e-03
9.924623115577890076e+01 1.027260077843843676e-03
9.983919597989950034e+01 1.035192490558738696e-03
1.004321608040200999e+02 1.043164378481088554e-03
1.010251256281406995e+02 1.051176244289194796e-03
1.016180904522613133e+02 1.059228597873900293e-03
1.022110552763819129e+02 1.067321956481764650e-03
1.028040201005025125e+02 1.075456844861586315e-03
1.033969849246231121e+02 1.083633795414357288e-03
1.039899497487437259e+02 1.091853348346756005e-03
1.045829145728643255e+02 1.100116051828273602e-03
1.051758793969849251e+02 1.108422462152073087e-03
1.057688442211055246e+02 1.116773143899696136e-03
1.063618090452261384e+02 1.125168670109716589e-03
1.069547738693467380e+02 1.133609622450462750e-03
1.075477386934673376e+02 1.142096591396920581e-03
1.081407035175879372e+02 1.150630176411939236e-03
1.087336683417085510e+02 1.159210986131863378e-03
1.093266331658291506e+02 1.167839638556725235e-03
1.099195979899497502e+02 1.176516761245120822e-03
1.105125628140703498e+02 1.185242991513917174e-03
1.111055276381909636e+02 1.194018976642929322e-03
1.116984924623115631e+02 1.202845374084710386e-03
1.122914572864321627e+02 1.211722851679614566e-03
1.128844221105527623e+02 1.220652087876282011e-03
1.134773869346733761e+02 1.229633771957717525e-03
1.140703517587939757e+02 1.238668604273121402e-03
1.146633165829145753e+02 1.247757296475656254e-03
1.152562814070351749e+02 1.256900571766321169e-03
1.158492462311557745e+02 1.266099165144128321e-03
1.164422110552763883e+02 1.275353823662768969e-03
1.170351758793969879e+02 1.284665306693969422e-03
1.176281407035175874e+02 1.294034386197749674e-03
1.182211055276381870e+02 1.303461846999790516e-03
1.188140703517588008e+02 1.312948487076138733e-03
1.194070351758794004e+02 1.322495117845476353e-03
1.200000000000000000e+02 1.332102564469192897e-03
