1.000000000000000000e+01 8.488924531585458066e-04
1.500000000000000000e+01 1.186239817745171447e-03
2.000000000000000000e+01 1.519092707366266788e-03
2.500000000000000000e+01 1.870775379938065686e-03
3.000000000000000000e+01 2.244933445715396620e-03
3.500000000000000000e+01 2.633935663959928279e-03
4.000000000000000000e+01 3.027834785513987270e-03
4.500000000000000000e+01 3.418789100895457990e-03
5.000000000000000000e+01 3.802276874254351905e-03
5.500000000000000000e+01 4.176947103134904561e-03
6.000000000000000000e+01 4.543985435311559754e-03
6.500000000000000000e+01 4.906206545031184009e-03
7.000000000000000000e+01 5.267027034372659747e-03
7.500000000000000000e+01 5.629270954583526394e-03
8.000000000000000000e+01 5.994391627502073695e-03
8.500000000000000000e+01 6.362022554721528424e-03
9.000000000000000000e+01 6.730205153701512844e-03
9.500000000000000000e+01 7.096219257089293395e-03
1.000000000000000000e+02 7.457854475364527995e-03
1.050000000000000000e+02 7.814879482681641454e-03
1.100000000000000000e+02 8.170371411333499437e-03
1.150000000000000000e+02 8.531381970045218838e-03
1.200000000000000000e+02 8.908209042064211755e-03
1.250000000000000000e+02 9.311678526097195638e-03
1.300000000000000000e+02 9.748492915039813980e-03
1.350000000000000000e+02 1.021636664856146945e-02
1.400000000000000000e+02 1.070225391952703969e-02
1.450000000000000000e+02 1.118809545849810960e-02
1.500000000000000000e+02 1.167105628073430816e-02
1.550000000000000000e+02 1.221126915516776434e-02
1.600000000000000000e+02 1.301546187406455932e-02
1.650000000000000000e+02 1.447876439875087767e-02
1.700000000000000000e+02 1.698715984098001300e-02
