0.0013192168874431726 0.00022796936023550957 54 1041.5000000000005
0.003015001121041 0.0018385348788641093 95 2764.6105263157915
0.004993838374205042 0.007564790482792648 87 2459.8850574712665
0.00697977753424325 0.009501894631953528 86 2413.872093023255
0.008974313786721214 0.01058218843433573 83 2260.8192771084373
0.010988009512242297 0.011795303838873474 88 2573.53409090909
0.013001803232645374 0.012880225568984327 86 2415.453488372091
0.015027155191501995 0.01406075413824227 88 2491.7159090909117
0.016992548129386234 0.015135540786437446 87 2478.0000000000023
0.019000559567388345 0.01616025749781859 88 2521.068181818175
0.02097182684062647 0.017291095209670915 92 2726.467391304349
0.022977969576177912 0.01810599912216407 86 2328.9069767441943
0.025029037086726172 0.01928824148669991 88 2494.215909090909
0.02703092778269009 0.02066168508521289 87 2467.747126436786
0.028998196000129615 0.0216444177089788 83 2261.012048192777
0.031002920741088714 0.023067657120883687 92 2698.2391304347834
0.03297190136029646 0.023997365512602044 88 2546.068181818181
0.03495700289041837 0.024275423509673846 92 2697.195652173908
0.03700698822865226 0.025725381781255417 92 2788.4130434782646
0.039024737762568436 0.025983454176267868 95 2890.673684210523
0.040979046019387316 0.02684115912486722 99 3176.949494949496
0.04299219082046521 0.02778553613276505 96 2959.8333333333294
0.0449905761771793 0.028347715726899765 105 3584.3619047619095
0.04699191419336014 0.029659778145303718 117 4569.145299145295
0.048994504507322845 0.02923637619474783 109 4177.137614678894
0.052040760705124284 0.029556334371308855 250 29661.312000000034
0.054987787309325686 0.030718192012081997 132 6840.23484848485
0.05698581999294318 0.031240843348734264 122 6295.803278688521
0.058995251941435956 0.03218806497474509 126 6864.539682539684
0.0610148167668879 0.03043479445799814 125 7177.088
0.06300910287158819 0.03152538276664403 128 8543.875
0.065005859611812 0.03241556655282085 136 9519.933823529405
0.06698726022120913 0.03003499564723833 161 13778.81987577641
0.06896586470243908 0.03221656888086413 171 17088.5730994152
0.07098845577461473 0.03247094679231158 149 14013.986577181191
0.07303048679591363 0.031898297546367346 179 21977.988826815643
0.07502858112596662 0.034236399295032395 155 18405.27741935484
0.07700640405095659 0.033262779757750445 156 20429.897435897423
0.08012696953573098 0.0338110892199794 378 90306.97619047631
0.0800466190538302 0.034965941182205286 4 3.5
0.08296816257574266 0.0333566535754748 217 45963.96313364056
0.08502944504229888 0.02863094674042927 173 27900.17341040463
0.08701581460799539 0.0338267717266952 230 56596.80434782616
0.08897990391920475 0.03144076030508465 236 59029.576271186445
0.09099586443604717 0.029367453408745976 189 42085.34391534392
0.09297363652156353 0.02877351155261872 194 48508.18556701032
0.09495247521337867 0.02475125116507567 189 41993.354497354485
0.09702530234084993 0.01911844391997372 177 34827.45762711868
0.09900632611922118 0.019985223639052013 186 41866.62903225805
0.10102250262779879 0.01293861790216196 210 38135.695238095264
0.10298233280947383 0.011367301071757714 211 37460.62559241707
0.1049830602568128 0.006032390237898082 153 14330.575163398698
0.10703892101203634 0.005466289998087501 166 16895.40361445783
0.10996239359998979 0.003350156633132803 284 40804.549295774596
0.11299600297494723 0.0017447555131342787 117 5192.888888888896
0.11499214845160684 0.0021727474336389607 128 7311.359375000009
0.11698750529781761 0.000586330829687183 107 3474.8785046728945
0.11902405930043027 -0.000025911323225158434 100 3101.7500000000014
0.1210164941300275 0.0003077311130129795 100 2947.230000000001
0.12219205382042882 -0.00003127404386193272 9 12
