0.0009607592081869766 -0.0008646607299586731
0.003052376782043058 -0.002411536544449769
0.005013647465786534 -0.0031294252392939856
0.006956268379783567 -0.00013072986209773652
0.00897501080294976 0.0041449411105073455
0.011189177900564791 0.005240610182713663
0.01322715830513918 0.004965270025678092
0.015043417513915414 0.00422898563015299
0.017218970245970085 0.004765751401343089
0.019643947789735702 0.004300986392215905
0.02211755484254737 0.004267351197031678
0.024573830461894583 0.003978955261614903
0.026311430777862667 0.0038410522368484343
0.028494392670143136 0.0036203256549872803
0.030308063747607604 0.0029674884808030197
0.03142172142675246 0.002664561356715507
0.03295328619123601 0.00369107886608587
0.03492026598816718 0.0029205957100788063
0.037164195693240754 0.0022449725028598835
0.039188399007282125 0.002259169946239821
0.04114617502174103 0.0015112923612970938
0.043554936377341216 0.0017259487463947357
0.045672682896675296 0.0019584078182861286
0.04694784504444072 0.0026480710387392498
0.04900883490519582 0.0007952196649266205
0.05121774269854096 0.0013330436969497192
0.05360809648919662 0.0011650520001017586
0.055293703507689765 0.0014562294396405703
0.05711342278506458 0.00035986328113371546
0.059540477372907796 0.0006653478455533948
0.06064767525441683 0.00018921991971914548
0.06162064654434267 0.00034179133956354496
0.0630091028715882 0.0020069107507362308
0.06399259277005379 0.0012380091904457477
0.06526534440336218 0.0007399032248638082
0.0661909819548592 0.0003817039753370721
0.06766139577364354 0.0012313747920541587
0.06935357692247403 0.0016028527774521253
0.06968140688862921 0.0010555969933034384
0.07116628379415568 0.00046764075785061393
0.07220762603958983 0.00004718854444135667
0.07364429265597582 0.0008778641645099186
0.0761152891121028 0.0015619370934827348
0.07504239104104944 0.0008382453601668838
0.07744326344024484 0.001995803648481745
0.0790281132611468 0.0008676430540894842
0.07897635063491178 0.00023518947936744528
0.08097073417514383 0.0017744812624860135
0.08100118277881149 0.0011485711071227839
0.08299538720961022 0.002315670839319682
0.08440290078056303 0.0029239017069062276
0.08296816257574266 0.0017715805639915913
0.0854558134953909 0.003244272376059003
0.08723096708921578 0.001771918961980215
0.08846858571829225 0.0021644661235248747
0.0880013167620077 0.0012707533446482122
0.08962118247712748 0.001974982287207841
0.09095787617813798 0.0039408386605392295
0.09100963880437302 0.003332634296055653
0.09297661860130417 0.0019101314513465181
0.09446920915309312 0.0028067284955740138
0.09297661860130417 0.0012055186543520266
0.09626202293704524 0.0033526966068305464
0.09800977278756921 0.0027544741171744436
0.09760480635878926 0.0034591828777776473
0.09922467207390905 0.0021354080791694888
0.10061312840115458 0.001842130952756274
0.10144234537437066 0.002236944660218891
0.10295462602319805 0.0012452286842509208
0.10298507462686568 0.0006394567447124619
0.1049216058201292 0.0020997377203555434
0.10721881456411057 -0.00008758885441396969
0.10801822881313071 -0.0004763052792806505
0.10969594687521907 -0.00012714168896884454
0.11143151728427599 -0.0004045176454178859
0.11102655085549602 -0.0007460521288367994
0.11328279238727003 0.00034663064726021126
0.11571837619464655 0.00014192930260020775
0.1181119409289617 0.000012846127158697151
0.12062699559191083 0.0001199536362043313
0.12287266966711781 -0.0001432259962064683
0.12305983902495728 -0.0004926807836536234
