0.0009607592081869766 0.0024571929696688283
0.003052376782043058 0.007888621433433322
0.004983198862118867 0.019981881717434213
0.007181588046924283 0.023614844598016497
0.00914856784385545 0.02358969475071694
0.011213896630633172 0.024525798346471322
0.013643695203312843 0.024789132085147877
0.016073493775992514 0.024575891350220883
0.01846858094049105 0.024789269861471817
0.020796173700192933 0.024571640619324348
0.023167104972448442 0.023510750779203064
0.02569433907686465 0.023675123453376867
0.027429909485921555 0.02382559896153862
0.0292811845889156 0.022860460960815992
0.03171098316159527 0.023059587929592843
0.03416970790775922 0.02248723038289265
0.036631477514289947 0.02283488328101682
0.037901184287231576 0.02297188841962179
0.03927228491038654 0.02209726132136207
0.041198768064439714 0.022182072065357054
0.04324674114712687 0.02127491926671623
0.04571125112798767 0.021067888168181996
0.04816997587415163 0.021300501161164026
0.05057663350804387 0.021099556159058154
0.05300064684602669 0.020623871405198273
0.053180631925484445 0.02015522565819928
0.05560926176388192 0.02022527596301254
0.05799698590240264 0.019892452358075675
0.06014997898719446 0.01971932889164272
0.06227355160298789 0.020100728272976955
0.06466578371659708 0.02004390698584514
0.06686868087649095 0.01998307832488166
0.06915402824742302 0.019108440262835768
0.0715354368652884 0.01950002950647677
0.07332907153467276 0.01972720168171899
0.07518439225633591 0.018706260522969087
0.07757211639485663 0.019003844919876875
0.08009779612999471 0.018804462547568727
0.08164912906485941 0.018964445377839822
0.08315429621381543 0.01717470640249215
0.08533670572222032 0.016552493133280485
0.0870563950948545 0.017575290344128934
0.08901525526414095 0.015656256539572276
0.0911681039286782 0.014318837781579084
0.09312703470342243 0.014397542722697918
0.09515021392312308 0.011788769060341663
0.09717669899122189 0.011156218296553687
0.09904502531226983 0.009070121686094293
0.10104854343360219 0.007648284453633587
0.10295462602319805 0.006799600336424898
0.1049158967069415 0.005055640326914294
0.1072478791403388 0.0027921825482241647
0.10969594687521907 0.0021125342806356875
0.11213153068259558 0.001683683687860954
0.11450347690830671 0.0008980745574749885
0.11698534259325809 0.0006213686528115103
0.11916830448553854 0.0003947723909658793
0.12300198667798871 0.00012226773008307268
