0.001189841479623626 34.06047954103428
0.0036548295774541904 143.02014733158614
0.006110656383993249 169.04272015258803
0.008604630206729774 124.0164753058144
0.01120253212083892 85.42416027754206
0.013689597428831028 53.26502414225533
0.016165398854087656 42.08486960178419
0.018739271151694454 48.24771530911849
0.02121897738963271 29.79484714911129
0.02368456622787585 37.63563592127298
0.026155261359625735 35.965953037118226
0.028733188655017308 34.57636537031888
0.031310665395099455 34.02593696731219
0.03367923465671441 22.565687209485674
0.036257312137209105 20.89637978808878
0.03883343721136301 22.86342917645996
0.04119720054967747 20.35421156575478
0.043667595311221066 19.24396819079513
0.04625077908522254 8.06418911308188
0.048716067553259385 16.464417394438613
0.051188114350937536 12.277256718906017
0.05376634201653538 10.3282295429116
0.05623658659297584 9.497705922549471
0.05870442820776607 13.142698375748068
0.06128370716908589 9.235632917570854
0.06375079785836042 14.27922414375712
0.06622389595176055 8.134025186041754
0.06869669367495437 2.5482657375214046
0.07127251837890199 5.074754635087658
0.07363568097680391 3.6844160427726536
0.0763182872890838 7.330159421486911
0.07879078464207136 2.303839482161692
0.08126117940361496 1.1935961072020689
0.08383865614369711 0.6431677041953492
0.08619701281829856 8.203861259001656
0.08877689252003094 3.1779167824342665
0.09124758765178083 1.5082338982795136
0.09382491420675983 1.2375252498704015
0.0961867251387335 2.364664448933212
0.09887143404245732 2.0943312632819016
