0.0013539937973552352 28.326787765921523
0.0035306264971577198 174.34838438375294
0.006120568600800465 150.5812163491503
0.00872087347655984 107.51338524731732
0.010989269274380663 82.62621180605095
0.013789620707522012 66.97166758029272
0.016265722502984924 55.23207353062651
0.018525407564823636 46.568645856017525
0.021105587636762308 40.98326187025506
0.023685617523597827 35.67759763909015
0.026264746299814516 32.050251935510516
0.028521577844693582 28.701499598254827
0.031099955695394563 26.47275266766286
0.03367923465671441 22.565687209485674
0.03615007997356742 20.616284570733427
0.03872770689875271 19.786136413129157
0.04109162042217032 16.997199047826427
0.04377662969610044 16.167426352979987
0.04624732482785032 14.49774346882532
0.04871771958939393 13.387500093865668
0.05151041158227514 11.998663352582014
0.05387282325466136 12.006923533254678
0.05623628622276956 10.057145431744573
0.0584911653613078 10.344749904256958
0.061391239702933864 8.956288625731162
0.06364671958188467 8.1250140798534
0.06600898106916775 8.412994015123559
0.06869429071330414 7.023781811082074
0.0714866823359791 6.194384578993549
0.07363462968108193 5.642454324955452
0.0764267209335506 5.372496602061972
0.07868175025719197 5.380381319976777
0.08147414187986693 4.550984087888253
0.08394423627120425 4.000180222123703
0.0866289451749281 3.729847036472364
0.08909903956626543 3.179043170707814
0.09135421907500996 2.9072081340250975
0.09393154562998896 2.6364994856159
0.09650887218496798 2.3657908372067595
0.09887158422756047 1.8146115086843508
