220.31249999999997 0.06610942249240126
225.27573529411762 0.0691489361702129
234.8345588235294 0.08434650455927062
242.18749999999997 0.10562310030395139
248.98897058823528 0.14513677811550152
256.89338235294116 0.18768996960486306
264.4301470588235 0.26671732522796354
270.86397058823525 0.3670212765957448
274.172794117647 0.4673252279635258
276.56249999999994 0.5676291793313071
278.0330882352941 0.7317629179331308
278.9522058823529 0.8685410334346505
280.23897058823525 1.0205167173252279
288.6948529411764 1.0174772036474165
298.0698529411764 0.9992401215805471
306.1580882352941 0.96580547112462
314.4301470588235 0.9141337386018237
320.86397058823525 0.865501519756839
327.66544117647055 0.8107902735562309
332.6286764705882 0.756079027355623
337.40808823529403 0.6770516717325228
341.45220588235287 0.6071428571428572
344.5772058823529 0.5220364741641337
348.0698529411764 0.4369300911854104
351.19485294117646 0.29103343465045595
353.5845588235294 0.12386018237082075
354.13602941176464 0.0022796352583587254
