# mee(MeV) Events/2 MeV
2.80609e+0 4.74027e+2
5.00911e+0 7.14058e+2
6.88703e+0 5.17456e+2
8.92977e+0 4.06413e+2
1.09726e+1 3.16873e+2
1.30700e+1 2.63877e+2
1.50018e+1 2.25447e+2
1.69336e+1 1.91210e+2
1.90854e+1 1.75122e+2
2.10724e+1 1.48527e+2
2.30583e+1 1.43705e+2
2.49898e+1 1.27352e+2
2.71974e+1 1.08406e+2
2.90183e+1 9.85627e+1
3.10596e+1 9.22738e+1
3.34321e+1 8.48192e+1
3.50325e+1 7.57199e+1
3.70739e+1 7.03717e+1
3.91707e+1 6.35145e+1
4.10469e+1 5.73260e+1
4.30331e+1 5.32771e+1
4.52401e+1 4.91528e+1
4.70057e+1 4.58489e+1
4.89924e+1 4.00410e+1
5.09226e+1 4.15302e+1
5.30751e+1 3.48385e+1
5.51712e+1 3.45818e+1
5.71575e+1 3.16724e+1
5.90335e+1 2.92209e+1
6.10196e+1 2.77598e+1
6.30054e+1 2.71550e+1
6.49930e+1 2.14844e+1
6.69803e+1 1.75029e+1
6.89664e+1 1.65065e+1
7.09518e+1 1.71203e+1
7.31014e+1 2.06308e+1
7.49800e+1 1.36437e+1
7.70213e+1 1.29141e+1
7.92285e+1 1.14444e+1
8.09937e+1 1.12774e+1
8.29818e+1 8.26254e+0
8.50749e+1 1.18683e+1
8.67462e+1 1.21026e+1
8.88794e+1 1.40418e+1
9.09274e+1 5.70821e+0
9.30240e+1 5.26634e+0
9.50095e+1 5.38284e+0
9.69988e+1 3.44448e+0
9.87596e+1 5.83323e+0
1.01085e+2 1.97485e+0
1.03015e+2 1.94602e+0
1.05056e+2 2.14007e+0
1.07050e+2 7.51531e-1
1.09090e+2 7.51475e-1
1.11187e+2 6.80736e-1