# mee(MeV) Events/2 MeV
2.91664220e+0 4.60350950e+2
4.95386572e+0 7.21940802e+2
6.94224239e+0 5.13682262e+2
8.92985948e+0 4.01976923e+2
1.09180901e+1 2.91299018e+2
1.29606307e+1 2.34723496e+2
1.48921557e+1 2.06495916e+2
1.69334400e+1 1.94740061e+2
1.89202683e+1 1.68214880e+2
2.09602672e+1 1.86347478e+2
2.29488484e+1 1.29239008e+2
2.49366116e+1 9.93013726e+1
2.69220668e+1 1.01870065e+2
2.89086321e+1 9.09403337e+1
3.09485726e+1 1.01483076e+2
3.29355762e+1 8.57568514e+1
3.49219955e+1 7.79693124e+1
3.69646237e+1 6.21404363e+1
3.89508385e+1 5.79631607e+1
4.09911003e+1 6.21312825e+1
4.29762342e+1 6.63560414e+1
4.49651952e+1 4.38827444e+1
4.70043468e+1 5.40546939e+1
4.89390270e+1 3.20315603e+1
5.09770978e+1 4.51762436e+1
5.29613260e+1 5.40429139e+1
5.49495858e+1 3.90200366e+1
5.69405918e+1 1.99743262e+1
5.89789839e+1 2.70598473e+1
6.10190120e+1 2.98672659e+1
6.30052268e+1 2.78594943e+1
6.49935450e+1 1.99684418e+1
6.70343912e+1 1.98940299e+1
6.89666758e+1 1.59134409e+1
7.10057106e+1 1.98911395e+1
7.29913703e+1 1.98896944e+1
7.50350210e+1 1.39464695e+1
7.70191032e+1 1.69917394e+1
7.90082394e+1 1.09930258e+1
8.10477417e+1 1.29595249e+1
8.29747968e+1 1.99553091e+1
8.50203757e+1 1.09906080e+1
8.70096581e+1 6.98162004e+0
8.89933020e+1 8.98596081e+0
9.10387932e+1 5.00373994e+0
9.30207135e+1 7.99195570e+0
9.50086811e+1 5.98538124e+0
9.69958016e+1 4.98437938e+0
9.90958658e+1 2.98620827e+0
1.01024060e+2 3.98675104e+0
1.03116792e+2 5.98360590e+0
1.05061609e+2 9.96162948e-1
1.07038446e+2 3.00726607e+0
1.09088086e+2 9.96016204e-1
1.11128932e+2 9.92304572e-1